gap
0.0000
0.0000
0.0000
10.0191
91.3230
0.0000
0.0000
0.0000
0.0000
0.0000
0.0000
0.0000
0.0000
0.0000
0.0000
0.0000
0.0000
0.0000
0.0000
0.0000
0.0000
0.0000
0.0000
89.3489
97.6490
0.0000
0.0000
29.6982
98.3007
99.3590
0.0000
0.0000
0.0000
0.0000
0.0000
0.0000
0.0000
0.0000
24.6073
80.0394
0.0000
0.0000
0.0000
0.0000
0.0000
0.0000
0.0000
0.0000
0.0000
0.0000
0.0000
0.0000
0.0000
0.0000
0.0000
0.0000
0.0000
0.0000
81.8010
98.5518
0.0000
0.0000
0.0000
0.0000
0.0000
0.0000
0.0000
73.8676
91.3458
97.8878
0.0000
0.0000
0.0000
0.0000
0.0000
0.0000
0.0000
0.0000
0.0000
0.0000
0.0000
0.0000
0.0000
0.0000
0.0000
0.0000
0.0000
0.0000
98.0482
99.4820
0.0000
0.0000
0.0000
0.0000
0.0000
0.0000
0.0000
0.0000
27.4352
97.7030
0.0000
0.0000
0.0000
29.0871
76.6480
0.0000
0.0000
0.0000
0.0000
0.0000
0.0000
0.0000
0.0000
0.0000
0.0000
0.0000
0.0000
0.0000
0.0000
0.0000
0.0000
0.0000
26.9508
98.7635
99.7744
0.0000
0.0000
0.0000
0.0000
8.3655
0.0000
0.0000
0.0000
0.0000
69.5644
0.0000
0.0000
0.0000
0.0000
0.0000
0.0000
0.0000
0.0000
16.5475
93.1023
0.0000
0.0000
0.0000
46.4977
92.3016
0.0000
0.0000
0.0000
0.0000
0.0000
0.0000
0.0000
0.0000
0.0000
39.7424
0.0000
0.0000
0.0000
0.0000
0.0000
0.0000
0.0000
0.0000
0.0000
0.0000
0.0000
0.0000
0.0000
0.0000
0.0000
0.0000
0.0000
0.0000
0.0000
0.0000
0.0000
0.0000
0.0000
49.9109
96.1791
0.0000
0.0000
0.0000
0.0000
0.0000
0.0000
0.0000
0.0000
8.6790
51.8114
0.0000
0.0000
0.0000
0.0000
0.0000
0.0000
0.0000
0.0000
0.0000
0.0000
0.0000
0.0000
97.2767
98.6646
99.5122
0.0000
0.0000
0.0000
0.0000
27.0244
0.0000
0.0000
0.0000
26.1133
87.5503
0.0000
0.0000
0.0000
0.0000
0.0000
0.0000
0.0000
14.4017
96.7192
98.7747
0.0000
0.0000
0.0000
23.8437
86.2374
0.0000
0.0000
0.0000
0.0000
0.0000
0.0000
0.0000
0.0000
0.0000
0.0000
0.0000
0.0000
0.0000
0.0000
0.0000
0.0000
0.0000
0.0000
0.0000
0.0000
0.0000
0.0000
0.0000
0.0000
0.0000
0.0000
0.0000
0.0000
0.0000
0.0000
0.0000
0.0000
0.0000
0.0000
9.6600
0.0000
0.0000
0.0000
0.0000
0.0000
0.0000
0.0000
0.0000
0.0000
0.0000
0.0000
0.0000
0.0000
0.0000
0.0000
0.0000
0.0000
0.0000
95.3046
96.8832
0.0000
0.0000
0.0000
0.0000
0.0000
0.0000
0.0000
0.0000
0.0000
0.0000
0.0000
0.0000
0.0000
92.1944
96.4570
0.0000
0.0000
0.0000
0.0000
0.0000
0.0000
0.0000
46.6926
97.4402
98.9981
0.0000
0.0000
0.0000
0.0000
0.0000
0.0000
0.0000
0.0000
0.0000
0.0000
0.0000
0.0000
98.2168
99.2895
99.7938
0.0000
0.0000
0.0000
5.9837
0.0000
0.0000
0.0000
96.4544
98.6190
0.0000
0.0000
0.0000
0.0000
0.0000
0.0000
0.0000
0.0000
0.0000
0.0000
0.0000
0.0000
0.0000
25.8166
87.5312
0.0000
0.0000
0.0000
0.0000
0.0000
0.0000
0.0000
18.0757
98.1701
99.7175
0.0000
0.0000
58.2245
92.8452
96.6200
0.0000
0.0000
0.0000
96.3502
98.7562
0.0000
0.0000
0.0000
0.0000
0.0000
0.0000
0.0000
0.0000
0.0000
0.0000
0.0000
92.7062
98.7352
99.5867
99.9344
0.0000
0.0000
0.0000
0.0000
0.0000
0.0000
0.0000
0.0000
0.0000
0.0000
0.0000
0.0000
0.0000
0.0000
0.0000
0.0000
0.0000
0.0000
0.0000
82.2605
0.0000
0.0000
0.0000
0.0000
0.0000
0.0000
0.0000
63.4555
96.4233
98.5953
0.0000
0.0000
92.7058
97.2316
99.4596
0.0000
0.0000
0.0000
0.0000
0.0000
0.0000
0.0000
0.0000
0.0000
23.3316
0.0000
0.0000
0.0000
0.0000
0.0000
0.0000
0.0000
0.0000
0.0000
0.0000
0.0000
0.0000
0.0000
0.0000
60.6145
0.0000
0.0000
0.0000
0.0000
0.0000
0.0000
0.0000
0.0000
94.6894
98.0296
0.0000
0.0000
0.0000
0.0000
0.0000
0.0000
0.0000
0.0000
0.0000
0.0000
0.0000
0.0000
0.0000
97.9673
95.5742
0.0000
0.0000
43.7717
98.8342
99.6296
0.0000
0.0000
0.0000
0.0000
0.0000
0.0000
0.0000
0.0000
0.0000
12.5562
0.0000
0.0000
0.0000
13.1123
35.1143
0.0000
0.0000
0.0000
0.0000
0.0000
0.0000
0.0000
0.0000
0.0000
0.0000
0.0000
0.0000
0.0000
0.0000
0.0000
0.0000
0.0000
0.0000
0.0000
22.2943
0.0000
0.0000
0.0000
0.0000
0.0000
0.0000
0.0000
0.0000
0.0000
90.5579
0.0000
0.0000
0.0000
0.0000
0.0000
0.0000
0.0000
73.5352
91.3458
97.8839
0.0000
0.0000
0.0000
13.6070
85.1270
0.0000
0.0000
0.0000
0.0000
0.0000
0.0000
0.0000
0.0000
0.0000
0.0000
0.0000
0.0000
96.5053
98.4741
99.5573
0.0000
0.0000
0.0000
0.0000
0.0000
0.0000
0.0000
0.0000
0.0000
0.0000
0.0000
91.4264
98.4931
98.8339
99.9105
0.0000
0.0000
0.0000
0.0000
0.0000
0.0000
0.0000
0.0000
0.0000
0.0000
0.0000
0.0000
0.0000
0.0000
0.0000
0.0000
0.0000
0.0000
0.0000
24.1381
0.0000
0.0000
0.0000
0.0000
59.8844
0.0000
0.0000
0.0000
0.0000
0.0000
0.0000
0.0000
0.0000
15.7804
83.1577
0.0000
0.0000
0.0000
0.0000
0.0000
0.0000
0.0000
0.0000
0.0000
84.0816
0.0000
0.0000
0.0000
0.0000
0.0000
0.0000
0.0000
0.0000
0.0000
0.0000
0.0000
0.0000
0.0000
82.7265
0.0000
0.0000
0.0000
6.2105
37.9261
0.0000
0.0000
0.0000
0.0000
60.3279
0.0000
0.0000
0.0000
0.0000
22.4198
0.0000
0.0000
0.0000
0.0000
0.0000
0.0000
0.0000
0.0000
96.5200
98.7692
0.0000
0.0000
0.0000
0.0000
0.0000
0.0000
0.0000
0.0000
0.0000
0.0000
0.0000
0.0000
0.0000
0.0000
0.0000
0.0000
0.0000
0.0000
0.0000
0.0000
0.0000
0.0000
0.0000
0.0000
0.0000
0.0000
0.0000
0.0000
0.0000
0.0000
0.0000
94.0697
97.0345
98.6433
99.7687
0.0000
0.0000
0.0000
0.0000
0.0000
0.0000
0.0000
83.0660
97.7394
99.2473
0.0000
0.0000
0.0000
0.0000
0.0000
0.0000
0.0000
0.0000
0.0000
0.0000
0.0000
0.0000
0.0000
0.0000
0.0000
0.0000
0.0000
0.0000
0.0000
0.0000
0.0000
0.0000
58.0853
92.8452
96.6200
0.0000
0.0000
0.0000
0.0000
0.0000
0.0000
0.0000
45.0344
90.4858
97.7991
0.0000
0.0000
0.0000
0.0000
0.0000
0.0000
0.0000
0.0000
0.0000
0.0000
0.0000
0.0000
0.0000
0.0000
0.0000
0.0000
0.0000
0.0000
0.0000
0.0000
0.0000
0.0000
0.0000
68.2406
94.3734
0.0000
0.0000
0.0000
52.5983
94.6840
0.0000
0.0000
0.0000
84.3894
98.0973
0.0000
0.0000
18.0945
98.5045
99.4321
0.0000
0.0000
0.0000
0.0000
0.0000
0.0000
0.0000
0.0000
0.0000
0.0000
0.0000
0.0000
0.0000
0.0000
0.0000
0.0000
6.0748
97.9568
98.1710
99.7815
0.0000
0.0000
0.0000
0.0000
0.0000
0.0000
0.0000
0.0000
0.0000
0.0000
0.0000
0.0000
0.0000
52.4052
93.3545
0.0000
0.0000
0.0000
0.0000
25.2388
0.0000
0.0000
0.0000
4.5877
93.6715
0.0000
0.0000
0.0000
0.0000
0.0000
0.0000
0.0000
0.0000
0.0000
0.0000
0.0000
0.0000
0.0000
0.0000
0.0000
0.0000
0.0000
0.0000
0.0000
0.0000
0.0000
0.0000
91.4663
96.9036
98.6686
0.0000
0.0000
0.0000
0.0000
0.0000
0.0000
92.7051
97.5881
98.9224
99.8689
0.0000
0.0000
0.0000
0.0000
24.1860
0.0000
0.0000
0.0000
0.0000
0.0000
0.0000
0.0000
0.0000
0.0000
84.1171
0.0000
0.0000
0.0000
0.0000
51.8947
0.0000
0.0000
0.0000
0.0000
91.5770
0.0000
0.0000
0.0000
0.0000
0.0000
0.0000
0.0000
0.0000
0.0000
0.0000
0.0000
0.0000
0.0000
0.0000
0.0000
0.0000
0.0000
0.0000
0.0000
0.0000
0.0000
0.0000
0.0000
82.7265
96.2478
0.0000
0.0000
0.0000
0.0000
0.0000
0.0000
0.0000
0.0000
30.4982
97.6453
0.0000
0.0000
0.0000
66.5550
94.1485
0.0000
0.0000
0.0000
0.0000
0.0000
0.0000
0.0000
0.0000
0.0000
0.0000
0.0000
0.0000
0.0000
0.0000
0.0000
0.0000
0.0000
0.0000
0.0000
0.0000
0.0000
14.5703
97.9188
99.3325
99.7371
0.0000
0.0000
0.0000
0.0000
32.4680
0.0000
0.0000
0.0000
0.0000
0.0000
0.0000
0.0000
0.0000
0.0000
0.0000
0.0000
0.0000
22.8297
98.4242
99.5137
0.0000
0.0000
0.0000
0.0000
8.2962
0.0000
0.0000
0.0000
0.0000
0.0000
0.0000
0.0000
0.0000
0.0000
0.0000
0.0000
0.0000
0.0000
0.0000
0.0000
0.0000
0.0000
0.0000
0.0000
0.0000
0.0000
0.0000
0.0000
0.0000
0.0000
0.0000
0.0000
0.0000
0.0000
0.0000
0.0000
0.0000
0.0000
79.6332
94.5362
0.0000
0.0000
0.0000
0.0000
0.0000
0.0000
0.0000
0.0000
0.0000
0.0000
0.0000
0.0000
0.0000
92.1944
96.4570
0.0000
0.0000
0.0000
0.0000
0.0000
0.0000
0.0000
0.0000
0.0000
77.8696
0.0000
0.0000
0.0000
0.0000
0.0000
0.0000
0.0000
0.0000
0.0000
0.0000
0.0000
0.0000
0.0000
0.0000
0.0000
0.0000
0.0000
0.0000
28.8612
76.5190
0.0000
0.0000
0.0000
48.7210
96.1791
0.0000
0.0000
0.0000
0.0000
0.0000
0.0000
0.0000
0.0000
0.0000
0.0000
0.0000
0.0000
0.0000
0.0000
0.0000
0.0000
0.0000
0.0000
0.0000
0.0000
0.0000
0.0000
31.3327
98.3542
99.1787
0.0000
0.0000
0.0000
0.0000
0.0000
0.0000
0.0000
0.0000
0.0000
0.0000
0.0000
0.0000
0.0000
0.0000
0.0000
0.0000
0.0000
0.0000
0.0000
0.0000
0.0000
0.0000
0.0000
51.5480
90.6394
0.0000
0.0000
0.0000
0.0000
0.0000
0.0000
0.0000
0.0000
0.0000
0.0000
0.0000
0.0000
0.0000
0.0000
0.0000
0.0000
0.0000
0.0000
12.6340
94.1194
0.0000
0.0000
0.0000
0.0000
21.6271
0.0000
0.0000
0.0000
83.6196
95.5219
0.0000
0.0000
0.0000
72.9003
99.1134
0.0000
0.0000
0.0000
0.0000
67.4551
0.0000
0.0000
0.0000
0.0000
0.0000
0.0000
0.0000
0.0000
25.7839
46.4127
0.0000
0.0000
0.0000
0.0000
0.0000
0.0000
0.0000
0.0000
0.0000
0.0000
0.0000
0.0000
23.5793
99.2811
99.7057
0.0000
0.0000
0.0000
0.0000
0.0000
0.0000
0.0000
0.0000
0.0000
0.0000
0.0000
0.0000
0.0000
0.0000
0.0000
0.0000
0.0000
0.0000
0.0000
0.0000
0.0000
0.0000
44.2308
90.4858
97.7991
0.0000
0.0000
93.9482
96.5980
99.1740
0.0000
0.0000
0.0000
0.0000
0.0000
