ID,arrival_time,length,cpus,length_class,resource_class,carbon_cost,dollar_cost,start_time,waiting_time,exit_time,reason
0,0,3600,1,0-2,1,14.421000000000001,0.0624,0,0,3600,completed
1,0,7200,1,0-2,1,29.290499999999994,0.1248,0,0,7200,completed
2,0,10800,1,2-6,1,44.646,0.18719999999999998,0,0,10800,completed
3,1800,3600,1,0-2,1,14.719999999999997,0.0624,1800,0,5400,completed
4,1800,7200,1,0-2,1,29.751499999999993,0.1248,1800,0,9000,completed
7,3600,7200,1,0-2,1,30.224999999999994,0.1248,3600,0,10800,completed
6,3600,3600,1,0-2,1,14.869499999999995,0.0624,3600,0,7200,completed
5,1800,10800,1,2-6,1,44.86249999999999,0.18719999999999998,16200,14400,27000,completed
8,3600,10800,1,2-6,1,42.39450000000001,0.18719999999999998,18000,14400,28800,completed
-1,0,0,0,,,0.0,0.0,0,0,0,
