ID,arrival_time,length,cpus,length_class,resource_class,carbon_cost,dollar_cost,start_time,waiting_time,exit_time,reason
5,1800,10800,1,2-6,1,25.68819444444445,0.18719999999999998,27000,25200,37800,completed
4,1800,7200,1,0-2,1,18.233999999999998,0.1248,27000,25200,34200,completed
0,0,3600,1,0-2,1,9.348333333333333,0.0624,28800,28800,32400,completed
2,0,10800,1,2-6,1,25.4,0.18719999999999998,28800,28800,39600,completed
1,0,7200,1,0-2,1,17.6265,0.1248,28800,28800,36000,completed
8,3600,10800,1,2-6,1,25.4,0.18719999999999998,28800,25200,39600,completed
6,3600,3600,1,0-2,1,9.348333333333333,0.0624,28800,25200,32400,completed
7,3600,7200,1,0-2,1,17.6265,0.1248,28800,25200,36000,completed
3,1800,3600,1,0-2,1,9.792499999999999,0.0624,30600,28800,34200,completed
-1,0,0,0,,,0.0,0.0,0,0,0,
