ID,arrival_time,length,cpus,length_class,resource_class,carbon_cost,dollar_cost,start_time,waiting_time,exit_time,reason
0,0,3600,1,0-2,1,9.348333333333333,0.0624,28800,28800,32400,completed
2,0,10800,1,2-6,1,25.164166666666667,0.18719999999999998,28800,28800,39600,completed
1,0,7200,1,0-2,1,17.537666666666663,0.1248,28800,28800,36000,completed
8,3600,10800,1,2-6,1,25.164166666666667,0.18719999999999998,28800,25200,39600,completed
6,3600,3600,1,0-2,1,9.348333333333333,0.0624,28800,25200,32400,completed
7,3600,7200,1,0-2,1,17.537666666666663,0.1248,28800,25200,36000,completed
5,1800,10800,1,2-6,1,25.877666666666663,0.18719999999999998,30600,28800,41400,completed
4,1800,7200,1,0-2,1,18.222166666666666,0.1248,30600,28800,37800,completed
3,1800,3600,1,0-2,1,9.703666666666665,0.0624,30600,28800,34200,completed
-1,0,0,0,,,0.0,0.0,0,0,0,
