ID,arrival_time,length,cpus,length_class,resource_class,carbon_cost,dollar_cost,start_time,waiting_time,exit_time,reason
0,0,3600,1,0-2,1,17.625666666666667,0.0624,0,0,3600,completed
1,0,7200,1,0-2,1,29.19083333333333,0.1248,0,0,7200,completed
2,0,10800,1,2-6,1,47.958666666666666,0.18719999999999998,0,0,10800,completed
3,1800,3600,1,0-2,1,17.924666666666663,0.0624,1800,0,5400,completed
4,1800,7200,1,0-2,1,29.65183333333333,0.1248,1800,0,9000,completed
7,3600,7200,1,0-2,1,30.116999999999994,0.1248,3600,0,10800,completed
6,3600,3600,1,0-2,1,18.173833333333327,0.0624,3600,0,7200,completed
5,1800,10800,1,2-6,1,48.3925,0.18719999999999998,16200,14400,27000,completed
8,3600,10800,1,2-6,1,44.92816666666666,0.18719999999999998,18000,14400,28800,completed
-1,0,0,0,,,0.0,0.0,0,0,0,
