ID,arrival_time,length,cpus,length_class,resource_class,carbon_cost,dollar_cost,start_time,waiting_time,exit_time,reason
0,0,3600,1,0-2,1,16.023333333333333,0.0624,0,0,3600,completed
1,0,7200,1,0-2,1,29.240666666666662,0.1248,0,0,7200,completed
2,0,10800,1,2-6,1,41.183833333333325,0.18719999999999998,0,0,10800,completed
3,1800,3600,1,0-2,1,16.222666666666665,0.0624,1800,0,5400,completed
4,1800,7200,1,0-2,1,29.709999999999997,0.1248,1800,0,9000,completed
5,1800,10800,1,2-6,1,41.69016666666666,0.18719999999999998,1800,0,12600,completed
6,3600,3600,1,0-2,1,16.52166666666666,0.0624,3600,0,7200,completed
7,3600,7200,1,0-2,1,30.170999999999996,0.1248,3600,0,10800,completed
8,3600,10800,1,2-6,1,40.18533333333333,0.18719999999999998,18000,14400,28800,completed
-1,0,0,0,,,0.0,0.0,0,0,0,
