ID,arrival_time,length,cpus,length_class,resource_class,carbon_cost,dollar_cost,start_time,waiting_time,exit_time,reason
0,0,3600,1,0-2,1,14.421,0.0624,0,0,3600,completed
1,0,7200,1,0-2,1,28.46441666666666,0.1248,0,0,7200,completed
2,0,10800,1,2-6,1,39.554500000000004,0.18719999999999998,0,0,10800,completed
3,1800,3600,1,0-2,1,14.595416666666665,0.0624,1800,0,5400,completed
5,1800,9300,1,2-6,1,35.76666666666666,0.16119999999999998,1800,0,11100,completed
4,1800,7200,1,0-2,1,28.93583333333333,0.1248,1800,0,9000,completed
7,3600,7200,1,0-2,1,29.371916666666664,0.1248,3600,0,10800,completed
6,3600,3600,1,0-2,1,14.869499999999995,0.0624,3600,0,7200,completed
8,3600,7200,1,2-6,1,29.371916666666664,0.1248,3600,0,10800,completed
8,3600,3900,1,2-6,1,8.0945,0.0676,24900,21300,28800,completed
5,1800,1800,1,2-6,1,2.8966666666666674,0.0312,25200,23400,27000,completed
-1,0,0,0,,,0.0,0.0,0,0,0,
