ID,arrival_time,length,cpus,length_class,resource_class,carbon_cost,dollar_cost,start_time,waiting_time,exit_time,reason
0,0,3600,1,0-2,1,15.222166666666666,0.0624,0,0,3600,completed
1,0,7200,1,0-2,1,29.290499999999994,0.1248,0,0,7200,completed
2,0,10800,1,2-6,1,40.5121111111111,0.18719999999999998,0,0,10800,completed
3,1800,3600,1,0-2,1,15.458875000000003,0.0624,1800,0,5400,completed
5,1800,9300,1,2-6,1,35.13878472222222,0.16119999999999998,1800,0,11100,completed
4,1800,7200,1,0-2,1,29.757749999999994,0.1248,1800,0,9000,completed
7,3600,7200,1,0-2,1,30.224999999999994,0.1248,3600,0,10800,completed
6,3600,3600,1,0-2,1,15.695583333333339,0.0624,3600,0,7200,completed
8,3600,7200,1,2-6,1,27.426388888888887,0.1248,3600,0,10800,completed
8,3600,3900,1,2-6,1,9.845710648148145,0.0676,24900,21300,28800,completed
5,1800,1800,1,2-6,1,3.9426851851851845,0.0312,25200,23400,27000,completed
-1,0,0,0,,,0.0,0.0,0,0,0,
