ID,arrival_time,length,cpus,length_class,resource_class,carbon_cost,dollar_cost,start_time,waiting_time,exit_time,reason
0,0,3600,1,0-2,1,18.426833333333335,0.0624,0,0,3600,completed
1,0,7200,1,0-2,1,29.165916666666664,0.1248,0,0,7200,completed
2,0,10800,1,2-6,1,48.78683333333334,0.18719999999999998,0,0,10800,completed
3,1800,3600,1,0-2,1,18.72583333333333,0.0624,1800,0,5400,completed
5,1800,9000,1,2-6,1,39.01083333333334,0.156,1800,0,10800,completed
4,1800,7200,1,0-2,1,29.626916666666663,0.1248,1800,0,9000,completed
7,3600,7200,1,0-2,1,30.089999999999993,0.1248,3600,0,10800,completed
6,3600,3600,1,0-2,1,18.99991666666666,0.0624,3600,0,7200,completed
8,3600,7500,1,2-6,1,30.949249999999996,0.13,3600,0,11100,completed
5,1800,2100,1,2-6,1,7.515166666666668,0.036399999999999995,24900,23100,27000,completed
8,3600,3600,1,2-6,1,12.745333333333337,0.0624,25200,21600,28800,completed
-1,0,0,0,,,0.0,0.0,0,0,0,
