ID,arrival_time,length,cpus,length_class,resource_class,carbon_cost,dollar_cost,start_time,waiting_time,exit_time,reason
0,0,3600,1,0-2,1,8.413499999999999,0.0624,28800,28800,32400,completed
2,0,10800,1,2-6,1,24.196416666666668,0.18719999999999998,28800,28800,39600,completed
1,0,7200,1,0-2,1,17.114666666666665,0.1248,28800,28800,36000,completed
4,1800,7200,1,0-2,1,17.114666666666665,0.1248,28800,27000,36000,completed
5,1800,10800,1,2-6,1,24.196416666666668,0.18719999999999998,28800,27000,39600,completed
3,1800,4200,1,0-2,1,8.413499999999999,0.07279999999999999,28800,27000,33000,completed
6,3600,3600,1,0-2,1,8.413499999999999,0.0624,28800,25200,32400,completed
8,3600,10800,1,2-6,1,24.196416666666668,0.18719999999999998,28800,25200,39600,completed
7,3600,7200,1,0-2,1,17.114666666666665,0.1248,28800,25200,36000,completed
3,1800,300,1,0-2,1,0.0,0.0052,33600,31800,33900,completed
3,1800,1200,1,0-2,1,0.0,0.0208,34200,32400,35400,completed
-1,0,0,0,,,0.0,0.0,0,0,0,
