ID,arrival_time,length,cpus,length_class,resource_class,carbon_cost,dollar_cost,start_time,waiting_time,exit_time,reason
2,0,10800,1,2-6,1,30.27108333333333,0.18719999999999998,28500,28500,39300,completed
5,1800,10800,1,2-6,1,30.27108333333333,0.18719999999999998,28500,26700,39300,completed
8,3600,10800,1,2-6,1,30.27108333333333,0.18719999999999998,28500,24900,39300,completed
0,0,3600,1,0-2,1,10.750583333333333,0.0624,28800,28800,32400,completed
1,0,7200,1,0-2,1,19.963583333333332,0.1248,28800,28800,36000,completed
4,1800,7200,1,0-2,1,19.963583333333332,0.1248,28800,27000,36000,completed
3,1800,3600,1,0-2,1,10.750583333333333,0.0624,28800,27000,32400,completed
6,3600,3600,1,0-2,1,10.750583333333333,0.0624,28800,25200,32400,completed
7,3600,7200,1,0-2,1,19.963583333333332,0.1248,28800,25200,36000,completed
-1,0,0,0,,,0.0,0.0,0,0,0,
