ID,arrival_time,length,cpus,length_class,resource_class,carbon_cost,dollar_cost,start_time,waiting_time,exit_time,reason
0,0,3600,1,0-2,1,17.625666666666667,0.0624,0,0,3600,completed
1,0,7200,1,0-2,1,32.49516666666666,0.1248,0,0,7200,completed
2,0,10800,1,2-6,1,49.55683333333334,0.18719999999999998,0,0,10800,completed
3,1800,3600,1,0-2,1,17.924666666666663,0.0624,1800,0,5400,completed
5,1800,9000,1,2-6,1,43.30116666666666,0.156,1800,0,10800,completed
4,1800,7200,1,0-2,1,33.064166666666665,0.1248,1800,0,9000,completed
7,3600,7200,1,0-2,1,33.52933333333333,0.1248,3600,0,10800,completed
6,3600,3600,1,0-2,1,18.173833333333327,0.0624,3600,0,7200,completed
8,3600,7200,1,2-6,1,33.52933333333333,0.1248,3600,0,10800,completed
5,1800,2400,1,2-6,1,5.760999999999999,0.0416,24600,22800,27000,completed
8,3600,4200,1,2-6,1,12.713000000000003,0.07279999999999999,24600,21000,28800,completed
-1,0,0,0,,,0.0,0.0,0,0,0,
