ID,arrival_time,length,cpus,length_class,resource_class,carbon_cost,dollar_cost,start_time,waiting_time,exit_time,reason
0,0,3600,1,0-2,1,19.228,0.0624,0,0,3600,completed
1,0,7200,1,0-2,1,34.0975,0.1248,0,0,7200,completed
2,0,10800,1,2-6,1,49.452999999999996,0.18719999999999998,0,0,10800,completed
3,1800,3600,1,0-2,1,19.526999999999997,0.0624,1800,0,5400,completed
5,1800,9000,1,2-6,1,44.957499999999996,0.156,1800,0,10800,completed
4,1800,7200,1,0-2,1,34.720499999999994,0.1248,1800,0,9000,completed
7,3600,7200,1,0-2,1,35.18149999999999,0.1248,3600,0,10800,completed
6,3600,3600,1,0-2,1,19.825999999999993,0.0624,3600,0,7200,completed
8,3600,7200,1,2-6,1,35.18149999999999,0.1248,3600,0,10800,completed
5,1800,1800,1,2-6,1,3.476000000000001,0.0312,25200,23400,27000,completed
8,3600,3600,1,2-6,1,10.428000000000003,0.0624,25200,21600,28800,completed
-1,0,0,0,,,0.0,0.0,0,0,0,
