ID,arrival_time,length,cpus,length_class,resource_class,carbon_cost,dollar_cost,start_time,waiting_time,exit_time,reason
0,0,3600,1,0-2,1,14.421,0.0624,0,0,3600,completed
1,0,7200,1,0-2,1,29.290499999999994,0.1248,0,0,7200,completed
2,0,10800,1,2-6,1,39.68533333333333,0.18719999999999998,0,0,10800,completed
3,1800,3600,1,0-2,1,14.645249999999997,0.0624,1800,0,5400,completed
4,1800,7200,1,0-2,1,29.757749999999994,0.1248,1800,0,9000,completed
5,1800,10800,1,2-6,1,40.15,0.18719999999999998,1800,0,12600,completed
6,3600,3600,1,0-2,1,14.869499999999995,0.0624,3600,0,7200,completed
8,3600,7200,1,2-6,1,26.866666666666667,0.1248,3600,0,10800,completed
7,3600,7200,1,0-2,1,30.224999999999994,0.1248,3600,0,10800,completed
8,3600,3600,1,2-6,1,9.269333333333336,0.0624,25200,21600,28800,completed
-1,0,0,0,,,0.0,0.0,0,0,0,
