ID,arrival_time,length,cpus,length_class,resource_class,carbon_cost,dollar_cost,start_time,waiting_time,exit_time,reason
0,0,3600,1,0-2,1,18.426833333333327,0.0624,0,0,3600,completed
1,0,7200,1,0-2,1,29.290499999999994,0.1248,0,0,7200,completed
2,0,10800,1,2-6,1,48.779888888888884,0.18719999999999998,0,0,10800,completed
3,1800,3600,1,0-2,1,18.713375,0.0624,1800,0,5400,completed
5,1800,9300,1,2-6,1,42.30996527777778,0.16119999999999998,1800,0,11100,completed
4,1800,7200,1,0-2,1,29.757749999999994,0.1248,1800,0,9000,completed
7,3600,7200,1,0-2,1,30.224999999999994,0.1248,3600,0,10800,completed
6,3600,3600,1,0-2,1,18.99991666666667,0.0624,3600,0,7200,completed
8,3600,7500,1,2-6,1,34.43182638888888,0.13,3600,0,11100,completed
5,1800,1800,1,2-6,1,4.747314814814814,0.0312,25200,23400,27000,completed
8,3600,3600,1,2-6,1,10.444092592592591,0.0624,25200,21600,28800,completed
-1,0,0,0,,,0.0,0.0,0,0,0,
